100 1
710
770
1620
2250
2810
3410
4460
5000
6350
7520
7920
11080
11560
44950
12890
16220
18090
20340
31030
25970
27870
27870
32430
32510
32230
40610
41390
49260
45490
44460
51420
52150
52870
56500
65570
70370
67930
70100
78050
77940
70730
82820
90680
91850
99540
93660
102820
112000
105910
132400
129900
128490
132410
138950
128200
141620
138680
150660
153529
155860
158831
178249
171069
178849
154660
190171
176989
202751
184429
220349
264711
257180
366210
336210
277440
242930
258000
241800
338560
260480
204500
177810
221770
213260
203500
194940
221480
203600
205751
212111
276200
238340
331410
399420
350840
369380
352290
364200
307790
378700