10 3060 800765 1902992 10024
18 3060 800765 1932187 16911
26 3060 800765 1951511 12324
34 3060 800765 1959862 16255
42 3060 800765 1964559 15272
50 3060 800765 1976394 109047
58 3060 800765 1975188 35213
66 3060 800765 1977313 9359
74 3060 800765 1981252 11323
82 3060 800765 1981421 19927
90 3060 800765 1984928 10400
98 3060 800765 1985560 9250
106 3060 800765 1984356 9357
114 3060 800765 1987816 17050
122 3060 800765 1987648 33769
130 3060 800765 1987263 28342
138 3060 800765 1990071 13121
146 3060 800765 1989788 28660
154 3060 800765 1990230 18671
162 3060 800765 1991117 9742
170 3060 800765 1991463 21266
178 3060 800765 1991826 16125
186 3060 800765 1992200 11223
194 3060 800765 1992182 10861
202 3060 800765 1993215 21127
210 3060 800765 1992489 11715
218 3060 800765 1992875 10406
226 3060 800765 1993616 10897
234 3060 800765 1994444 27314
242 3060 800765 1993739 15693
250 3060 800765 1994271 10411
258 3060 800765 1994550 16253
266 3060 800765 1994206 12442
274 3060 800765 1994675 10164
282 3060 800765 1994765 9534
290 3060 800765 1995018 19295
298 3060 800765 1995089 12818
306 3060 800765 1994979 9468
314 3060 800765 1995697 9558
322 3060 800765 1995113 54241
330 3060 800765 1996039 12243
338 3060 800765 1995377 45748
346 3060 800765 1995478 18899
354 3060 800765 1995439 19924
362 3060 800765 1995269 15545
370 3060 800765 1995593 46963
378 3060 800765 1996128 13193
386 3060 800765 1996073 14105
394 3060 800765 1996058 22039
402 3060 800765 1996301 13108
410 3060 800765 1996371 11446
418 3060 800765 1996557 12559
426 3060 800765 1996622 17933
434 3060 800765 1996718 14581
442 3060 800765 1997189 16722
450 3060 800765 1996885 18634
458 3060 800765 1996781 13255
466 3060 800765 1997262 11330
474 3060 800765 1996594 16787
482 3060 800765 1996485 15624
490 3060 800765 1997501 9707
498 3060 800765 1997371 10020
506 3060 800765 1996882 16498
514 3060 800765 1996999 12116
522 3060 800765 1997414 13777
530 3060 800765 1996746 11245
538 3060 800765 1997515 15632
546 3060 800765 1997576 14981
554 3060 800765 1997486 9464
562 3060 800765 1997614 12575
570 3060 800765 1997542 14765
578 3060 800765 1997287 13735
586 3060 800765 1997777 10497
594 3060 800765 1997294 86824
602 3060 800765 1997469 45744
610 3060 800765 1997746 9593
618 3060 800765 1997528 12441
626 3060 800765 1997753 19025
634 3060 800765 1997784 42028
642 3060 800765 1997739 35878
650 3060 800765 1997669 17148
658 3060 800765 1997668 13610
666 3060 800765 1997911 20188
674 3060 800765 1998104 15295
682 3060 800765 1997960 9022
690 3060 800765 1997959 8986
698 3060 800765 1997952 11343
706 3060 800765 1998051 18888
714 3060 800765 1998064 8550
722 3060 800765 1998127 8567
730 3060 800765 1998333 9797
738 3060 800765 1998117 567061
746 3060 800765 1998342 9321
754 3060 800765 1998383 8625
762 3060 800765 1998437 11331
770 3060 800765 1998228 16332
778 3060 800765 1998529 11785
786 3060 800765 1998435 20063
794 3060 800765 1998320 14382
802 3060 800765 1998030 10498
810 3060 800765 1998133 488346
818 3060 800765 1998522 9252
826 3060 800765 1998372 8818
834 3060 800765 1998504 12136
842 3060 800765 1998434 15795
850 3060 800765 1998428 24038
858 3060 800765 1998551 13669
866 3060 800765 1998430 8960
874 3060 800765 1998475 8654
882 3060 800765 1998200 328491
890 3060 800765 1998554 14565
898 3060 800765 1998522 12622
906 3060 800765 1998881 18155
914 3060 800765 1998895 23110
922 3060 800765 1998691 19600
930 3060 800765 1998580 10192
938 3060 800765 1998761 9829
946 3060 800765 1998925 392566
954 3060 800765 1998690 14724
962 3060 800765 1998868 80036
970 3060 800765 1998836 11406
978 3060 800765 1998976 15394
986 3060 800765 1998694 14906
994 3060 800765 1998824 15809
