10 104 7199568 126 2473
18 104 7199568 12 2287
26 104 7199568 12 2523
34 104 7199568 12 2618
42 104 7199568 12 2412
50 104 7199568 12 2593
58 104 7199568 12 2713
66 104 7199568 12 2744
74 104 7199568 12 2899
82 104 7199568 12 3849
90 104 7199568 12 4736
98 104 7199568 12 4032
106 104 7199568 12 2510
114 104 7199568 12 2709
122 104 7199568 12 2804
130 104 7199568 12 2917
138 104 7199568 12 2744
146 104 7199568 12 2850
154 104 7199568 12 2886
162 104 7199568 12 2644
170 104 7199568 12 2642
178 104 7199568 12 2666
186 104 7199568 12 2223
194 104 7199568 12 2412
202 104 7199568 12 3160
210 104 7199568 12 2971
218 104 7199568 12 2548
226 104 7199568 12 2964
234 104 7199568 12 3362
242 104 7199568 12 2944
250 104 7199568 12 2571
258 104 7199568 12 2609
266 104 7199568 12 2153
274 104 7199568 12 2072
282 104 7199568 12 2455
290 104 7199568 12 2758
298 104 7199568 12 2664
306 104 7199568 12 2543
314 104 7199568 12 2441
322 104 7199568 12 2348
330 104 7199568 12 2333
338 104 7199568 12 2306
346 104 7199568 12 2560
354 104 7199568 12 2691
362 104 7199568 12 2689
370 104 7199568 12 3025
378 104 7199568 12 2358
386 104 7199568 12 3324
394 104 7199568 12 3150
402 104 7199568 12 3459
410 104 7199568 12 2143
418 104 7199568 12 2171
426 104 7199568 12 2136
434 104 7199568 12 2109
442 104 7199568 12 2095
450 104 7199568 12 2356
458 104 7199568 12 2340
466 104 7199568 12 2305
474 104 7199568 12 2570
482 104 7199568 12 3995
490 104 7199568 12 4172
498 104 7199568 12 7013
506 104 7199568 12 2723
514 104 7199568 12 2240
522 104 7199568 12 2629
530 104 7199568 12 2644
538 104 7199568 12 2161
546 104 7199568 12 2095
554 104 7199568 12 2291
562 104 7199568 12 2511
570 104 7199568 12 2610
578 104 7199568 12 2524
586 104 7199568 12 2514
594 104 7199568 12 2411
602 104 7199568 12 3592
610 104 7199568 12 2401
618 104 7199568 12 6644
626 104 7199568 12 2787
634 104 7199568 12 1986
642 104 7199568 12 2637
650 104 7199568 12 2993
658 104 7199568 12 3173
666 104 7199568 12 3154
674 104 7199568 12 2818
682 104 7199568 12 2951
690 104 7199568 12 3306
698 104 7199568 12 3205
706 104 7199568 12 3147
714 104 7199568 12 2643
722 104 7199568 12 2265
730 104 7199568 12 2374
738 104 7199568 12 2461
746 104 7199568 12 2663
754 104 7199568 12 2258
762 104 7199568 12 3410
770 104 7199568 12 2740
778 104 7199568 12 2533
786 104 7199568 12 3554
794 104 7199568 12 3247
802 104 7199568 12 4383
810 104 7199568 12 2458
818 104 7199568 12 2632
826 104 7199568 12 2345
834 104 7199568 12 2326
842 104 7199568 12 3220
850 104 7199568 12 3333
858 104 7199568 12 2916
866 104 7199568 12 2735
874 104 7199568 12 2404
882 104 7199568 12 2548
890 104 7199568 12 2241
898 104 7199568 12 2141
906 104 7199568 12 2684
914 104 7199568 12 2684
922 104 7199568 12 2723
930 104 7199568 12 3442
938 104 7199568 12 3214
946 104 7199568 12 2416
954 104 7199568 12 3277
962 104 7199568 12 2648
970 104 7199568 12 2201
978 104 7199568 12 1989
986 104 7199568 12 2868
994 104 7199568 12 2936
