10 50 0 261
20 150 0 185
30 300 0 201
40 390 3 150
50 640 3 230
60 715 6 119
70 1065 6 315
80 1465 6 273
90 1915 6 352
100 2215 9 288
110 2355 12 147
120 2490 15 165
130 3140 15 444
140 3840 15 420
150 3990 18 166
160 4790 21 503
170 5640 21 497
180 5755 24 155
190 6180 27 325
200 7180 27 646
210 7610 30 305
220 7685 33 118
230 8315 36 460
240 8890 39 468
250 8975 42 151
260 10275 42 850
270 10815 45 398
280 12215 45 783
290 13665 45 810
300 14370 48 460
310 14415 51 88
320 14975 54 385
330 15480 57 435
340 15610 60 152
350 15635 63 102
360 15735 66 167
370 16190 69 337
380 16225 72 117
390 16370 75 254
400 16720 78 288
410 18770 78 1198
420 19215 81 305
430 19545 84 328
440 20115 87 370
450 20560 90 427
460 20860 93 307
470 21445 96 361
480 21650 99 191
490 21960 102 285
500 22960 105 710
510 24275 108 748
520 25235 111 597
530 25370 114 193
540 26300 117 597
550 26395 120 159
560 28055 123 989
570 28215 126 195
580 28720 129 392
590 29805 132 677
600 30360 135 350
610 31100 138 473
620 31235 141 185
630 31815 144 397
640 32200 147 266
650 35395 150 1798
660 35440 153 126
670 35805 156 280
680 36765 159 615
690 37220 162 351
700 37350 165 294
710 38080 168 504
720 38830 171 539
730 39460 174 450
740 39640 177 220
750 39960 180 277
760 40750 183 503
770 41255 186 478
780 42215 189 566
790 42235 192 101
800 42720 195 360
810 43270 198 402
820 43395 201 196
830 43545 204 208
840 43570 207 152
850 43685 210 166
860 43930 213 251
870 44330 216 321
880 45180 219 526
890 46065 222 535
900 47050 225 669
910 47740 228 423
920 48045 231 247
930 48295 234 203
940 49960 237 1000
950 50270 240 225
960 50985 243 479
970 51240 246 246
980 52975 249 922
990 52980 252 83
1000 53275 255 226
1010 53480 258 239
1020 53600 261 147
1030 53880 264 231
1040 54240 267 276
1050 56280 270 1076
1060 56530 273 251
1070 56830 276 231
1080 57195 279 287
1090 57240 282 160
1100 57475 285 231
1110 58925 288 854
1120 59320 291 286
1130 59505 294 173
1140 59795 297 270
1150 60880 300 683
1160 61210 303 474
1170 61465 306 195
1180 61510 309 94
1190 62465 312 531
1200 63120 315 408
1210 63385 318 234
1220 63645 321 235
1230 63865 324 207
1240 64465 327 476
1250 64710 330 188
1260 64865 333 153
1270 65780 336 565
1280 67375 339 943
1290 69015 342 981
1300 69180 345 183
1310 69765 348 401
1320 69795 351 111
1330 70770 354 582
1340 70935 357 212
1350 71000 360 127
1360 71290 363 280
1370 71525 366 233
1380 71895 369 297
1390 73050 372 661
1400 73155 375 237
1410 74660 378 1048
1420 75045 381 360
1430 77860 384 1623
1440 77950 387 249
1450 77975 390 157
1460 78040 393 185
1470 78640 396 468
1480 78855 399 243
1490 79295 402 396
1500 80235 405 594
1510 80985 408 608
1520 83075 411 1274
1530 83155 414 190
1540 83735 417 460
1550 84460 420 525
1560 84670 423 235
1570 85060 426 366
1580 85240 429 213
1590 86465 432 807
1600 86950 435 403
1610 87055 438 199
1620 87205 441 235
1630 87675 444 409
1640 87775 447 208
1650 88190 450 379
1660 88450 453 275
1670 89260 456 554
1680 89655 459 365
1690 90130 462 404
1700 91315 465 708
1710 91330 468 142
1720 92000 471 458
1730 92845 474 573
1740 93855 477 662
1750 94110 480 305
1760 94240 483 200
1770 96150 486 1101
1780 96300 489 182
1790 96690 492 356
1800 97190 495 399
1810 97475 498 266
1820 98355 501 543
1830 98625 504 288
1840 99150 507 401
1850 99325 510 217
1860 99585 513 268
1870 100545 516 616
1880 100610 519 145
1890 100690 522 179
1900 100960 525 295
1910 101465 528 408
1920 102735 531 772
1930 103020 534 301
1940 103695 537 467
1950 103985 540 301
1960 104285 543 294
1970 104300 546 123
1980 104755 549 358
1990 106670 552 1135
2000 106675 555 110
2010 108465 558 1076
2020 108955 561 393
2030 109080 564 182
2040 109105 567 138
2050 109845 570 516
2060 109880 573 128
2070 110280 576 410
2080 110675 579 383
2090 110825 582 299
2100 111450 585 421
2110 111980 588 406
2120 112020 591 120
2130 112355 594 309
2140 112850 597 355
2150 113470 600 489
2160 113580 603 163
2170 113635 606 150
2180 113655 609 150
2190 113825 612 259
2200 113985 615 185
2210 114425 618 325
2220 115720 621 812
2230 115750 624 143
2240 116905 627 872
2250 117085 630 223
2260 117370 633 283
2270 117870 636 404
2280 118085 639 277
2290 118180 642 173
2300 118535 645 338
2310 118955 648 351
2320 119010 651 136
2330 119040 654 143
2340 119645 657 448
2350 119945 660 271
2360 120100 663 221
2370 121335 666 796
2380 121435 669 182
2390 122010 672 429
2400 122405 675 379
2410 122650 678 241
2420 122870 681 223
2430 123445 684 453
2440 123840 687 341
2450 124265 690 325
2460 125035 693 550
2470 125235 696 254
2480 125250 699 149
2490 125650 702 335
2500 126260 705 448
2510 126405 708 180
2520 126610 711 252
2530 126660 714 118
2540 126740 717 158
2550 126830 720 155
2560 129060 723 1348
2570 130565 726 1043
2580 132270 729 1051
2590 132335 732 142
2600 132645 735 280
2610 132810 738 198
2620 133210 741 356
2630 133915 744 477
2640 134055 747 177
2650 134505 750 307
2660 135525 753 607
2670 135880 756 270
2680 135935 759 118
2690 136080 762 173
2700 136385 765 362
2710 136435 768 140
2720 136910 771 386
2730 137350 774 376
2740 137840 777 372
2750 137955 780 185
2760 138240 783 225
2770 138275 786 132
2780 138660 789 322
2790 138980 792 288
2800 139700 795 488
2810 140700 798 629
2820 140705 801 163
2830 140935 804 373
2840 141950 807 635
2850 142330 810 369
2860 142605 813 287
2870 143025 816 382
2880 143760 819 527
2890 144800 822 664
2900 145700 825 619
2910 146110 828 423
2920 146145 831 144
2930 146235 834 174
2940 146245 837 150
2950 146520 840 335
2960 146545 843 170
2970 147270 846 559
2980 148210 849 618
2990 149215 852 671
3000 149505 855 378
3010 149910 858 376
3020 151365 861 923
3030 151760 864 378
3040 152475 867 537
3050 152530 870 160
3060 154720 873 1252
3070 154850 876 210
3080 155720 879 618
3090 155785 882 169
3100 156010 885 209
3110 156690 888 425
3120 156990 891 278
3130 157585 894 395
3140 158570 897 689
3150 159605 900 646
3160 160385 903 517
3170 160525 906 180
3180 161095 909 434
3190 161480 912 329
3200 161905 915 342
3210 161920 918 118
3220 161990 921 142
3230 162260 924 239
3240 162580 927 301
3250 162840 930 242
3260 163090 933 300
3270 163720 936 462
3280 163870 939 203
3290 163970 942 178
3300 164180 945 292
3310 164545 948 337
3320 164820 951 318
3330 164995 954 237
3340 166360 957 854
3350 168080 960 1089
3360 168280 963 238
3370 168420 966 326
3380 169175 969 619
3390 169560 972 345
3400 169655 975 189
3410 169805 978 239
3420 172220 981 1555
3430 172310 984 216
3440 173315 987 713
3450 173335 990 144
3460 173595 993 314
3470 173700 996 198
3480 173770 999 189
3490 174480 1002 541
3500 175440 1005 663
3510 175695 1008 285
3520 176045 1011 349
3530 176460 1014 453
3540 177405 1017 656
3550 178760 1020 895
3560 179085 1023 359
3570 179360 1026 290
3580 181490 1029 1328
3590 183225 1032 1117
3600 184710 1035 957
3610 184900 1038 239
3620 185765 1041 635
3630 186025 1044 312
3640 186250 1047 275
3650 186645 1050 431
3660 186975 1053 336
3670 187265 1056 325
3680 187555 1059 290
3690 187770 1062 274
3700 187905 1065 251
3710 188270 1068 349
3720 188325 1071 176
3730 188795 1074 421
3740 188895 1077 212
3750 189030 1080 253
3760 189820 1083 591
3770 191905 1086 1200
3780 192100 1089 234
3790 192945 1092 577
3800 193760 1095 640
3810 193770 1098 122
3820 195300 1101 929
3830 195380 1104 215
3840 195900 1107 401
3850 196340 1110 366
3860 196940 1113 488
3870 197220 1116 314
3880 197385 1119 272
3890 198450 1122 726
3900 199160 1125 509
3910 202055 1128 1700
3920 202385 1131 356
3930 202645 1134 311
3940 202800 1137 228
3950 204465 1140 1092
3960 205685 1143 792
3970 205700 1146 185
3980 205980 1149 366
3990 206375 1152 377
4000 207710 1155 909
4010 208145 1158 390
4020 208225 1161 198
4030 208520 1164 314
4040 209045 1167 429
4050 209520 1170 395
4060 210660 1173 766
4070 211480 1176 635
4080 211585 1179 174
4090 212850 1182 871
4100 213730 1185 664
4110 213825 1188 237
4120 214230 1191 361
4130 214235 1194 136
4140 214485 1197 287
4150 214975 1200 421
4160 215925 1203 728
4170 218790 1206 1785
4180 219225 1209 430
4190 219475 1212 297
4200 219620 1215 298
4210 219750 1218 248
4220 219825 1221 207
4230 220225 1224 391
4240 221205 1227 926
4250 221700 1230 540
4260 221860 1233 315
4270 221925 1236 224
4280 222245 1239 356
4290 222525 1242 369
4300 223440 1245 741
4310 224300 1248 714
4320 224960 1251 564
4330 225795 1254 661
4340 226415 1257 400
4350 227870 1260 771
4360 228510 1263 429
4370 228600 1266 216
4380 229250 1269 479
4390 229390 1272 222
4400 230420 1275 602
4410 230455 1278 145
4420 230795 1281 319
4430 231145 1284 304
4440 231345 1287 208
4450 232130 1290 516
4460 232380 1293 246
4470 233110 1296 459
4480 233440 1299 271
4490 236055 1302 1418
4500 236815 1305 549
4510 239525 1308 1383
4520 240360 1311 541
4530 240365 1314 139
4540 240505 1317 194
4550 240840 1320 269
4560 241465 1323 371
4570 241590 1326 184
4580 242235 1329 429
4590 242830 1332 416
4600 244175 1335 710
4610 244810 1338 501
4620 244870 1341 167
4630 245225 1344 304
4640 245530 1347 255
4650 246205 1350 501
4660 246435 1353 247
4670 246795 1356 277
4680 246810 1359 130
4690 247090 1362 281
4700 247205 1365 198
4710 247500 1368 280
4720 247675 1371 268
4730 248150 1374 403
4740 248240 1377 226
4750 248330 1380 223
4760 248445 1383 252
4770 249175 1386 523
4780 249180 1389 150
4790 249190 1392 150
4800 249490 1395 262
4810 249785 1398 267
4820 249950 1401 204
4830 250635 1404 452
4840 251325 1407 457
4850 251890 1410 360
4860 253175 1413 1115
4870 253745 1416 403
4880 254765 1419 1170
4890 255105 1422 335
4900 255805 1425 469
4910 255825 1428 139
4920 255875 1431 123
4930 256375 1434 412
4940 256475 1437 206
4950 258370 1440 1100
4960 258725 1443 459
4970 258960 1446 250
4980 260200 1449 757
4990 260600 1452 333
5000 260840 1455 321
5010 261230 1458 418
5020 262370 1461 935
5030 262825 1464 395
5040 263460 1467 593
5050 265300 1470 1002
5060 266430 1473 3021
5070 267065 1476 564
5080 267100 1479 664
5090 267875 1482 1994
5100 268165 1485 979
5110 268400 1488 272
5120 268445 1491 740
5130 268855 1494 1063
5140 269035 1497 386
5150 271480 1500 1356
5160 271535 1503 221
5170 272145 1506 516
5180 274320 1509 1241
5190 274575 1512 251
5200 275185 1515 421
5210 275235 1518 157
5220 275670 1521 336
5230 276725 1524 1077
5240 277625 1527 601
5250 277885 1530 273
5260 278805 1533 626
5270 280410 1536 929
5280 280515 1539 171
5290 281835 1542 765
5300 281935 1545 160
5310 282195 1548 275
5320 282420 1551 240
5330 282670 1554 346
5340 282760 1557 150
5350 282995 1560 252
5360 283160 1563 301
5370 283350 1566 363
5380 283760 1569 376
5390 283830 1572 222
5400 284215 1575 437
5410 284770 1578 425
5420 284780 1581 323
5430 284815 1584 199
5440 285860 1587 847
5450 286410 1590 519
5460 286705 1593 658
5470 287485 1596 539
5480 288935 1599 2114
5490 289385 1602 859
5500 290360 1605 1872
5510 291595 1608 746
5520 292395 1611 673
5530 292560 1614 481
5540 292650 1617 397
5550 292780 1620 168
5560 292905 1623 292
5570 293055 1626 197
5580 293375 1629 322
5590 293525 1632 183
5600 293570 1635 206
5610 293790 1638 295
5620 294180 1641 299
5630 294515 1644 353
5640 295210 1647 426
5650 295305 1650 223
5660 295495 1653 332
5670 295535 1656 226
5680 296090 1659 491
5690 296390 1662 323
5700 297335 1665 760
5710 297790 1668 372
5720 297815 1671 181
5730 297885 1674 279
5740 298135 1677 655
5750 298275 1680 546
5760 298335 1683 125
5770 298365 1686 451
5780 299980 1689 2627
5790 300015 1692 196
5800 300170 1695 234
5810 300575 1698 406
5820 300695 1701 406
5830 301905 1704 774
5840 302280 1707 468
5850 302290 1710 111
5860 302395 1713 201
5870 302630 1716 689
5880 302980 1719 554
5890 303555 1722 430
5900 303595 1725 196
5910 303600 1728 177
5920 304890 1731 773
5930 305030 1734 242
5940 305655 1737 498
5950 306870 1740 873
5960 307035 1743 230
5970 307140 1746 199
5980 307285 1749 262
5990 307840 1752 403
6000 307905 1755 214
6010 307910 1758 172
6020 308320 1761 328
6030 308485 1764 242
6040 309455 1767 652
6050 309780 1770 283
6060 311655 1773 1052
6070 312185 1776 411
6080 312380 1779 221
6090 313085 1782 429
6100 313280 1785 251
6110 315095 1788 1024
6120 315115 1791 150
6130 316200 1794 1134
6140 316335 1797 186
6150 316885 1800 430
6160 317610 1803 1038
6170 317805 1806 356
6180 318045 1809 1145
6190 318290 1812 680
6200 320165 1815 2467
6210 321075 1818 1706
6220 321600 1821 621
6230 321610 1824 126
6240 322205 1827 512
6250 322805 1830 419
6260 323885 1833 698
6270 323940 1836 127
6280 323980 1839 124
6290 324205 1842 207
6300 324370 1845 209
6310 324460 1848 159
6320 324775 1851 250
6330 324780 1854 163
6340 325545 1857 524
6350 325735 1860 256
6360 326465 1863 532
6370 326575 1866 166
6380 327205 1869 416
6390 327700 1872 330
6400 328355 1875 562
6410 329695 1878 869
6420 329895 1881 202
6430 329950 1884 259
6440 330220 1887 346
6450 330845 1890 472
6460 330975 1893 239
6470 331230 1896 282
6480 331745 1899 499
6490 332050 1902 329
6500 332105 1905 201
6510 332620 1908 426
6520 333405 1911 911
6530 334530 1914 1393
6540 335150 1917 1085
6550 336070 1920 863
6560 336915 1923 779
6570 337375 1926 411
6580 337540 1929 268
6590 338200 1932 594
6600 338315 1935 226
6610 338535 1938 301
6620 339355 1941 690
6630 342610 1944 2118
6640 342715 1947 196
6650 342990 1950 295
6660 343135 1953 223
6670 343345 1956 271
6680 344195 1959 639
6690 344355 1962 231
6700 344490 1965 177
6710 345140 1968 464
6720 347445 1971 1499
6730 348115 1974 491
6740 348305 1977 233
6750 349215 1980 673
6760 349585 1983 342
6770 349700 1986 206
6780 349835 1989 212
6790 349945 1992 201
6800 350265 1995 344
6810 350645 1998 330
6820 350880 2001 290
6830 351515 2004 476
6840 351670 2007 217
6850 352700 2010 693
6860 352840 2013 221
6870 352950 2016 208
6880 353805 2019 649
6890 353865 2022 182
6900 354440 2025 450
6910 354755 2028 301
6920 355080 2031 320
6930 355280 2034 245
6940 355595 2037 312
6950 356060 2040 396
6960 356450 2043 356
6970 357045 2046 485
6980 357620 2049 439
6990 358335 2052 535
7000 359345 2055 689
7010 359435 2058 230
7020 360835 2061 799
7030 361765 2064 631
7040 362020 2067 360
7050 362260 2070 361
7060 363710 2073 935
7070 365470 2076 1019
7080 365525 2079 135
7090 365570 2082 156
7100 366695 2085 639
7110 367070 2088 303
7120 367400 2091 288
7130 367635 2094 217
7140 367860 2097 220
7150 368065 2100 231
7160 368110 2103 121
7170 368165 2106 168
7180 368225 2109 226
7190 368935 2112 809
7200 369655 2115 580
7210 369775 2118 232
7220 370015 2121 310
7230 370200 2124 393
7240 370575 2127 396
7250 371185 2130 426
7260 371645 2133 382
7270 372020 2136 335
7280 372330 2139 301
7290 373125 2142 520
7300 373510 2145 354
7310 373800 2148 270
7320 373975 2151 225
7330 374200 2154 224
7340 374560 2157 321
7350 374590 2160 154
7360 375700 2163 697
7370 376705 2166 628
7380 376885 2169 213
7390 377405 2172 372
7400 377760 2175 285
7410 377845 2178 171
7420 377945 2181 152
7430 378440 2184 494
7440 378630 2187 202
7450 378765 2190 175
7460 378780 2193 111
7470 379010 2196 236
7480 379420 2199 456
7490 379975 2202 627
7500 380470 2205 613
7510 380965 2208 494
7520 381420 2211 627
7530 382980 2214 1236
7540 383230 2217 442
7550 383390 2220 204
7560 383485 2223 177
7570 384455 2226 1291
7580 384930 2229 1042
7590 385450 2232 695
7600 385570 2235 522
7610 386585 2238 1518
7620 386660 2241 420
7630 387370 2244 1023
7640 387410 2247 209
7650 387510 2250 213
7660 388355 2253 573
7670 388720 2256 385
7680 388725 2259 124
7690 388885 2262 249
7700 388985 2265 244
7710 389390 2268 566
7720 389495 2271 172
7730 389780 2274 238
7740 390940 2277 660
7750 391195 2280 276
7760 391525 2283 272
7770 391550 2286 136
7780 391900 2289 322
7790 391920 2292 188
7800 391995 2295 178
7810 395050 2298 1788
7820 395270 2301 302
7830 395625 2304 326
7840 395630 2307 142
7850 396105 2310 414
7860 396120 2313 157
7870 396590 2316 403
7880 397805 2319 713
7890 398245 2322 419
7900 399595 2325 842
7910 399865 2328 256
7920 400170 2331 308
7930 400545 2334 339
7940 400825 2337 325
7950 401370 2340 380
7960 401530 2343 260
7970 401835 2346 304
7980 402325 2349 400
7990 403770 2352 887
8000 404145 2355 328
8010 404280 2358 601
8020 404760 2361 399
8030 406200 2364 1168
8040 406495 2367 464
8050 408130 2370 1176
8060 409585 2373 1020
8070 409655 2376 275
8080 410835 2379 761
8090 412080 2382 793
8100 412275 2385 277
8110 412855 2388 486
8120 412875 2391 128
8130 413385 2394 455
8140 413790 2397 344
8150 414105 2400 301
8160 414390 2403 304
8170 414510 2406 181
8180 415355 2409 632
8190 415980 2412 443
8200 418040 2415 1163
8210 418300 2418 282
8220 419125 2421 535
8230 419245 2424 230
8240 419660 2427 474
8250 419920 2430 284
8260 419985 2433 172
8270 420080 2436 169
8280 421095 2439 687
8290 421175 2442 165
8300 423025 2445 1143
8310 423350 2448 309
8320 423610 2451 259
8330 423625 2454 112
8340 423795 2457 236
8350 424975 2460 865
8360 425075 2463 247
8370 425155 2466 185
8380 425525 2469 354
8390 426545 2472 742
8400 429475 2475 1866
8410 430875 2478 968
8420 431740 2481 713
8430 431885 2484 217
8440 432365 2487 448
8450 432480 2490 210
8460 432915 2493 440
8470 432925 2496 139
8480 433100 2499 257
8490 433320 2502 237
8500 433410 2505 252
8510 433875 2508 431
8520 434040 2511 261
8530 435010 2514 717
8540 435185 2517 238
8550 435305 2520 203
8560 437865 2523 1696
8570 437995 2526 274
8580 438320 2529 340
8590 439390 2532 692
8600 439400 2535 148
8610 439645 2538 313
8620 440295 2541 539
8630 440300 2544 179
8640 440825 2547 556
8650 441270 2550 394
8660 441315 2553 568
8670 441690 2556 863
8680 441720 2559 197
8690 441840 2562 296
8700 442125 2565 489
8710 443905 2568 1140
8720 444430 2571 450
8730 445435 2574 735
8740 445620 2577 259
8750 446740 2580 784
8760 446795 2583 196
8770 447270 2586 477
8780 447715 2589 429
8790 448075 2592 371
8800 449000 2595 669
8810 449060 2598 211
8820 449625 2601 510
8830 450105 2604 450
8840 450760 2607 508
8850 450800 2610 177
8860 451925 2613 774
8870 451955 2616 167
8880 452175 2619 242
8890 453000 2622 611
8900 453890 2625 648
8910 454010 2628 245
8920 454775 2631 569
8930 459055 2634 2479
8940 459545 2637 396
8950 459925 2640 403
8960 461830 2643 1187
8970 462120 2646 296
8980 462470 2649 331
8990 464195 2652 1067
9000 465855 2655 1018
9010 466040 2658 244
9020 467350 2661 800
9030 467620 2664 317
9040 467765 2667 235
9050 467860 2670 245
9060 468110 2673 366
9070 468175 2676 270
9080 468505 2679 321
9090 468710 2682 250
9100 469315 2685 490
9110 469975 2688 440
9120 470240 2691 278
9130 470490 2694 351
9140 471785 2697 871
9150 472595 2700 558
9160 473960 2703 914
9170 474390 2706 350
9180 474755 2709 350
9190 475410 2712 589
9200 475785 2715 845
9210 476305 2718 566
9220 476315 2721 386
9230 477260 2724 1744
9240 477995 2727 534
9250 478000 2730 306
9260 478930 2733 746
9270 479585 2736 467
9280 481675 2739 1940
9290 481685 2742 459
9300 481950 2745 514
9310 482710 2748 714
9320 483080 2751 2063
9330 483270 2754 318
9340 483510 2757 380
9350 483595 2760 281
9360 483850 2763 402
9370 483970 2766 564
9380 484670 2769 630
9390 485415 2772 585
9400 485460 2775 510
9410 485775 2778 660
9420 486155 2781 262
9430 489595 2784 1633
9440 489870 2787 361
9450 489980 2790 318
9460 490345 2793 438
9470 490595 2796 418
9480 490950 2799 487
9490 491205 2802 323
9500 492005 2805 541
9510 492090 2808 276
9520 492535 2811 444
9530 492600 2814 1631
9540 493435 2817 783
9550 493750 2820 323
9560 494130 2823 333
9570 494250 2826 178
9580 494600 2829 447
9590 494745 2832 285
9600 494805 2835 273
9610 494950 2838 333
9620 494975 2841 172
9630 495520 2844 591
9640 496125 2847 600
9650 496130 2850 329
9660 496530 2853 920
9670 496950 2856 430
9680 498095 2859 1140
9690 498260 2862 375
9700 498305 2865 569
9710 498750 2868 527
9720 498855 2871 230
9730 498975 2874 319
9740 499580 2877 966
9750 499930 2880 773
9760 500070 2883 765
9770 500110 2886 414
9780 500775 2889 585
9790 500850 2892 307
9800 502520 2895 994
9810 502985 2898 389
9820 503055 2901 163
9830 504050 2904 891
9840 504165 2907 273
9850 504750 2910 502
9860 505130 2913 387
9870 506245 2916 662
9880 506670 2919 1859
9890 506795 2922 421
9900 506805 2925 195
9910 506965 2928 295
9920 507150 2931 336
9930 507805 2934 540
9940 508180 2937 340
9950 508375 2940 270
9960 508420 2943 361
9970 509025 2946 527
9980 509740 2949 546
9990 509765 2952 167
10000 509825 2955 173
