1 0 0 0 7165
2 4 2 2 229
3 4 4 4 156
4 4 6 6 168
5 4 8 8 157
6 4 10 10 166
7 4 12 12 162
8 4 14 14 907
9 4 16 16 150
10 4 18 18 159
11 4 20 20 157
12 4 22 22 167
13 4 24 24 172
14 4 26 26 182
15 4 28 28 171
16 4 30 30 181
17 4 32 32 169
18 4 34 34 203
19 4 36 36 178
20 4 38 38 188
21 4 40 40 178
22 4 42 42 188
23 4 44 44 180
24 4 46 46 193
25 4 48 48 192
26 4 50 50 202
27 4 52 52 211
28 4 54 54 210
29 4 56 56 211
30 4 58 58 231
31 4 60 60 224
32 4 62 62 211
33 4 64 64 216
34 4 66 66 219
35 4 68 68 251
36 4 70 70 243
37 4 72 72 247
38 4 74 74 241
39 4 76 76 252
40 4 78 78 245
41 4 80 80 253
42 4 82 82 252
43 4 84 84 250
44 4 86 86 258
45 4 88 88 261
46 4 90 90 280
47 4 92 92 271
48 4 94 94 272
49 4 96 96 277
50 4 98 98 284
51 4 100 100 287
52 4 102 102 279
53 4 104 104 725
54 4 106 106 305
55 4 108 108 309
56 4 110 110 320
57 4 112 112 315
58 4 114 114 345
59 4 116 116 323
60 4 118 118 341
61 4 120 120 335
62 4 122 122 379
63 4 124 124 337
64 4 126 126 344
65 4 128 128 328
66 4 130 130 341
67 4 132 132 359
68 4 134 134 369
69 4 136 136 343
70 4 138 138 365
71 4 140 140 355
72 4 142 142 361
73 4 144 144 367
74 4 146 146 375
75 4 148 148 362
76 4 150 150 363
77 4 152 152 393
78 4 154 154 403
79 4 156 156 395
80 4 158 158 386
81 4 160 160 367
82 4 162 162 426
83 4 164 164 417
84 4 166 166 401
85 4 168 168 405
86 4 170 170 428
87 4 172 172 431
88 4 174 174 419
89 4 176 176 405
90 4 178 178 440
91 4 180 180 430
92 4 182 182 439
93 4 184 184 442
94 4 186 186 461
95 4 188 188 441
96 4 190 190 462
97 4 192 192 458
98 4 194 194 469
99 4 196 196 440
100 4 198 198 458
