100 1
743
3949
8719
14662
26401
32150
54026
67142
77181
99977
127828
156524
162546
200367
235779
249741
310037
351267
345782
397604
442713
521175
541918
592742
633216
715811
758666
801759
887918
975442
1043491
1095319
1069850
1226861
1335602
1349569
1512195
1419011
1619917
1656097
1875598
1776589
1871793
2064137
2167244
2275655
2365086
2431417
2541640
2712317
2788862
2879624
2835929
3149010
3283884
3339919
3400057
3740782
3693294
3789001
3959318
4355273
4295063
4431942
4615886
4635115
4757030
4993913
4988850
5384670
5492829
5504336
5808961
5974734
6073289
6397807
6166716
6652670
6635120
7079955
7084590
7137687
7357033
7493407
7606501
8030614
7695757
8369458
8680554
9022538
9042567
9219731
8953579
9541424
9609661
10005933
10133650
10247647
10844364
10867650